1  7960.000000
2  8488.000000
3  7781.000488
4  6128.000000
5  7342.999512
6  5998.000000
7  5823.000000
8  6068.000000
9  5823.000000
10  6068.000000
11  5823.000000
12  6051.000000
13  5916.000000
14  5361.000000
15  5412.000000
16  5476.000000
17  5821.000000
18  5336.000000
19  5671.000000
20  5336.000000
21  5691.000000
22  5356.000000
23  5356.000000
24  5441.000000
25  5106.000000
26  5441.000000
27  5216.000000
28  5047.000000
29  5047.000000
30  5132.000000
31  4797.000000
32  5101.000000
33  4557.000000
34  4972.000000
35  4927.000000
36  4981.000000
37  5026.000000
38  5222.000000
39  5177.000000
40  5177.000000
41  5222.000000
42  5222.000000
43  5222.000000
44  5177.000000
45  5222.000000
46  5177.000000
47  5390.000000
48  5110.000000
49  5157.000000
50  5103.000000
51  4722.000000
52  4757.000000
53  4925.000000
54  4757.000000
55  4677.000000
56  4757.000000
57  4707.000000
58  4854.000000
59  4707.000000
60  4854.000000
61  4854.000000
62  4547.000000
63  4455.000000
64  4821.000000
65  4455.000000
66  5237.000000
67  5057.000000
68  5057.000000
69  5117.000000
70  4842.000000
71  4707.000000
72  4707.000000
73  4782.000000
74  4417.000000
75  4732.000000
76  4657.000000
77  4622.000000
78  4622.000000
79  4307.000000
80  4307.000000
81  4387.000000
82  4277.000000
83  4477.000000
84  4477.000000
85  4397.000000
86  4477.000000
87  4477.000000
88  4477.000000
89  4477.000000
90  4477.000000
91  4477.000000
92  4477.000000
93  4437.000000
94  4437.000000
95  4491.000000
96  4551.000000
97  4491.000000
98  4337.000000
99  4337.000000
100  4491.000000
101  4491.000000
102  4287.000000
103  4341.000000
104  4207.000000
105  4537.000000
106  4537.000000
107  4267.000000
108  4267.000000
109  4567.000000
110  4567.000000
111  4247.000000
112  4247.000000
113  4247.000000
114  4247.000000
115  4310.000000
116  4380.000000
117  4380.000000
118  4380.000000
119  4380.000000
120  4380.000000
121  4380.000000
122  4400.000000
123  4400.000000
124  4357.000000
125  4357.000000
126  4357.000000
127  4387.000000
128  4340.000000
129  4277.000000
130  4507.000000
131  4507.000000
132  4097.000000
133  4160.000000
134  4097.000000
135  4377.000000
136  4377.000000
137  4377.000000
138  4377.000000
139  4440.000000
140  4440.000000
141  4327.000000
142  4167.000000
143  4230.000000
144  4217.000000
145  4170.000000
146  4107.000000
147  4170.000000
148  4170.000000
149  4277.000000
150  4187.000000
151  4187.000000
152  4187.000000
153  4256.000000
154  4254.000000
155  4254.000000
156  4306.000000
157  4264.000000
158  4312.000000
159  4144.000000
160  4404.000000
161  4479.000000
162  4292.000000
163  4279.000000
164  4254.000000
165  4254.000000
166  4149.000000
167  4189.000000
168  4189.000000
169  4258.000000
170  4258.000000
171  4189.000000
172  4189.000000
173  4189.000000
174  4294.000000
175  4294.000000
176  4273.000000
177  4273.000000
178  4273.000000
179  4273.000000
180  4273.000000
181  4273.000000
182  4273.000000
183  4273.000000
184  4233.000000
185  4254.000000
186  4197.000000
187  4197.000000
188  4197.000000
189  4197.000000
190  4137.000000
191  4194.000000
192  4137.000000
193  4137.000000
194  4117.000000
195  3946.999756
196  4094.000000
197  4147.000000
198  4147.000000
199  3937.000000
200  4147.000000


Best so far  

 0,  15,  12,  0,  56,  0,  35,  36,  54,  10,  1,  130,  0,  45,   (3937.000000)
