Population = 200 Genarations 200 mutate chance=4
1  5067.000000
2  5067.000000
3  5121.000000
4  7066.000000
5  5121.000000
6  5121.000000
7  5067.000000
8  7011.999512
9  7011.999512
10  7011.999512
11  7011.999512
12  5067.000000
13  5592.000000
14  4937.000000
15  5462.000000
16  5462.000000
17  5597.000000
18  5597.000000
19  5643.000000
20  5643.000000
21  5577.000000
22  5766.000000
23  5631.000000
24  5826.000000
25  5991.000000
26  5991.000000
27  5991.000000
28  5991.000000
29  5546.000000
30  5126.000000
31  5126.000000
32  5391.000000
33  5736.000000
34  5736.000000
35  5649.000000
36  5286.000000
37  5156.000000
38  5286.000000
39  5391.000000
40  5006.000000
41  4741.000000
42  4996.000000
43  5079.000000
44  5304.000000
45  5181.000000
46  5968.000000
47  5743.000000
48  5788.000000
49  5371.000000
50  5146.000000
51  5146.000000
52  5428.000000
53  5615.000000
54  5668.000000
55  5386.000000
56  5573.000000
57  5591.000000
58  5537.000000
59  5357.000000
60  5777.000000
61  5657.000000
62  5611.000000
63  5551.000000
64  5371.000000
65  5141.000000
66  5151.000000
67  4944.000000
68  4984.000000
69  4984.000000
70  4554.000000
71  4554.000000
72  4984.000000
73  4714.000000
74  4894.000000
75  4894.000000
76  4894.000000
77  4838.000000
78  4838.000000
79  5101.000000
80  4919.000000
81  4919.000000
82  4949.000000
83  4841.000000
84  4811.000000
85  4778.000000
86  4778.000000
87  4836.000000
88  4738.000000
89  4848.000000
90  4738.000000
91  4836.000000
92  4836.000000
93  4738.000000
94  4746.000000
95  4578.000000
96  4746.000000
97  4828.000000
98  4746.000000
99  4578.000000
100  4746.000000
101  4746.000000
102  4887.000000
103  4887.000000
104  4911.000000
105  4911.000000
106  4887.000000
107  4907.000000
108  4817.000000
109  4817.000000
110  4327.000000
111  4517.000000
112  4538.000000
113  4348.000000
114  4348.000000
115  4538.000000
116  4358.000000
117  4537.000000
118  4128.000000
119  4149.000000
120  4498.000000
121  4309.000000
122  4309.000000
123  4309.000000
124  4237.000000
125  4527.000000
126  4517.000000
127  4517.000000
128  4527.000000
129  4527.000000
130  4527.000000
131  4487.000000
132  4309.000000
133  4237.000000
134  4237.000000
135  4237.000000
136  4527.000000
137  4487.000000
138  4529.000000
139  4497.000000
140  4509.000000
141  4517.000000
142  4279.000000
143  4258.000000
144  4258.000000
145  4237.000000
146  4288.000000
147  4318.000000
148  4287.000000
149  4257.000000
150  4288.000000
151  4267.000000
152  4288.000000
153  4267.000000
154  4258.000000
155  4348.000000
156  4248.000000
157  4338.000000
158  4248.000000
159  4338.000000
160  4138.000000
161  4243.000000
162  4243.000000
163  4138.000000
164  4168.000000
165  4223.000000
166  4283.000000
167  4168.000000
168  4108.000000
169  4077.999756
170  4108.000000
171  4077.999756
172  4219.000000
173  4158.000000
174  4188.000000
175  4209.000000
176  4169.000000
177  4199.000000
178  4178.000000
179  4368.000000
180  4403.000000
181  4403.000000
182  4349.000000
183  4349.000000
184  4403.000000
185  4308.000000
186  4308.000000
187  4298.000000
188  4298.000000
189  4198.000000
190  4303.000000
191  4303.000000
192  4303.000000
193  4303.000000
194  4238.000000
195  4298.000000
196  4238.000000
197  4303.000000
198  4238.000000
199  4238.000000
200  4238.000000


Best so far  

 0,  15,  13,  0,  102,  0,  35,  49,  86,  10,  1,  139,  0,  45,   (4077.999756)
